00000000
00000000
00000000
00000000
00000000
00000000
00000000
00000000


00111100
00000000
00000000
00000000
00000000
00000000
00000000
00000000

11111111
00111100
00000000
00000000
00000000
00000000
00000000
00000000

11111111
11111111
00111100
00000000
00000000
00000000
00000000
00000000

01111110
11111111
11111111
00111100
00000000
00000000
00000000
00000000

00111100
01111110
11111111
11111111
00111100
00000000
00000000
00000000


00011000
00111100
01111110
11111111
11111111
00111100
00000000
00000000


00000000
00011000
00111100
01111110
11111111
11111111
00111100
00000000


00000000
00000000
00011000
00111100
01111110
11111111
11111111
00111100


00000000
00000000
00000000
00011000
00111100
01111110
11111111
11111111


00000000
00000000
00000000
00000000
00011000
00111100
01111110
11111111


00000000
00000000
00000000
00000000
00000000
00011000
00111100
01111110


00000000
00000000
00000000
00000000
00000000
00000000
00011000
00111100


00000000
00000000
00000000
00000000
00000000
00000000
00000000
00011000


00000000
00000000
00000000
00000000
00000000
00000000
00000000
00000000