// Cross 1
10000001
01000010
00100100
00011000
00011000
00100100
01000010
10000001

// Diamond
00011000
00111100
01111110
11111111
11111111
01111110
00111100
00011000

// Circle
00111100
01111110
11111111
11111111
11111111
11111111
01111110
00111100

// Square
11111111
11111111
11111111
11111111
11111111
11111111
11111111
11111111

// Cross 2
00011000
00011000
00011000
11111111
11111111
00011000
00011000
00011000

// Hollow square
11111111
10000001
10000001
10000001
10000001
10000001
10000001
11111111

// Bullseye
11111111
10000001
10111101
10100101
10100101
10111101
10000001
11111111

// Inifinite
00100100
01011010
10011001
10011001
10011001
10011001
01011010
00100100

//Sum
11111111
01000000
00100000
00011100
00011100
00100000
01000000
11111111

//Slash
00000001
00000010
00000100
00001000
00010000
00100000
01000000
10000000

// Twistted arrow
11111100
11111111
00000111
00000011
00100111
11111111
11111110
00100000

// #
00100100
00100100
11111111
00100100
00100100
11111111
00100100
00100100


// Loop1
11111111
10000000
10111110
10100010
10101010
10111010
10000010
11111110

// Loop2
10000000
10111111
10100001
10101101
10100101
10111101
10000001
11111111

// Loop 3
11111111
00000001
01111101
01000101
01010101
01011101
01000001
01111111

// Loop 4
00000001
11111101
10000101
10110101
10100101
10111101
10000001
11111111

// WiFi
00001111
00010000
00100111
01001000
10010011
10100100
10101011
10101011

// Bluetooth
00010000
10011000
01010100
00110010
00111100
01010010
10010100
00011000

// Data network
00100110
00100111
00100100
00100100
00100100
00100100
11100100
01100100

// Mobile range
00000000
00000100
00000100
00010100
00010100
01010100
01010100
01010100

// Stairs
00000011
00000011
00001111
00001111
00111111
00111111
11111111
11111111

// Hammer
11111111
11111111
11111111
00011000
00011000
00011000
00011000
00011000

// Paper sheet
11111100
10000010
10111101
10000001
10111101
10000001
10000001
11111111

// Power button
00011000
11011011
10011001
10011001
10000001
10000001
10000001
11111111

// Window
11100111
11100111
11100111
00000000
00000000
11100111
11100111
11100111

// Zoom
11111000
10001000
10001000
10001000
11111000
00000100
00000010
00000001


