// Bullet
00011000
00100100
00111100
00111100
00111100
00111100
00111100
01111110

// Sword
00011000
00111100
00111100
00111100
00111100
10111101
01111110
00011000

// Bag
10000001
10000001
10000001
10000001
10000001
11111111
11111111
11111111

// Rod
00000011
00000111
00001110
00011100
00111000
01110000
11100000
11000000

// Ship
00000000
00011000
00111100
01111110
00010000
00010000
11111111
01111110

// Fuse 
00111000
00100100
00111000
00100100
00100000
00100000
11100000
11100000

// quaver
00111000
00100100
00100000
00100000
00100000
00100000
11100000
11100000

// double-quaver
00111110
00100010
00111110
00100010
00100010
00101110
11101110
11100000

// Envelope
11111111
11000011
10100101
10011001
10000001
10000001
10000001
11111111


// WiFi
01111110
10000001
00111100
01000010
00011000
00100100
00000000
00011000

// Full battery
00011000
01111110
01111110
01111110
01111110
01111110
01111110
01111110

// Half battery
00011000
01111110
01000010
01000010
01000010
01111110
01111110
01111110


// Low battery
00011000
01111110
01000010
01000010
01000010
01000010
01000010
01111110

// Grial
11111111
11011011
01111110
00111100
00011000
00011000
00011000
11111111

// Key
00000000
00000000
11110000
10011111
10010101
11110101
00000000
00000000

// Stop
00111100
01111110
11111111
11000011
11000011
11111111
01111110
00111100

// Crown
00000000
00000000
00000000
00000000
10000001
11011011
11111111
11111111

// Telephone
00011111
00011111
00000011
00000011
00000011
00000011
00011111
00011111

// Thunder
00011100
00111000
01110000
11111111
00001110
00011100
00111000
01110000


00000000
00000000
00000000
00000000
00000000
00000000
00000000
00000000

00000000
00000000
00000000
00000000
00000000
00000000
00000000
00000000

// Lace
11000011
01100110
00111100
00011000
00111100
01100110
01100110
00111100

// Fabric
11001100
11001100
00110011
00110011
11001100
11001100
00110011
00110011